[-7,-6,0]
-1,0,0,0|||
[-6,-6,0]
-1,0,-1,0|||
[-5,-6,0]
-1,0,-1,0|||
[-4,-6,0]
-1,0,-1,0|||
[-3,-6,0]
0,0,-1,0|||
[-2,-6,0]
-1,0,0,0|||
[-1,-6,0]
-1,0,-1,0|||
[0,-6,0]
-1,0,-1,0|||
[1,-6,0]
-1,0,-1,0|||
[2,-6,0]
-1,0,-1,0|||
[3,-6,0]
-1,0,-1,0|||
[4,-6,0]
0,0,-1,0|||
[5,-6,0]
-1,0,0,0|00b3c4,,,,||
[6,-6,0]
-1,0,-1,0|00b3c4,,,,||
[7,-6,0]
-1,0,-1,0|00b3c4,,,,||
[8,-6,0]
0,0,-1,0|00b3c4,,,,||
[-5,-5,0]
-1,0,0,0|||
[-4,-5,0]
-1,0,-1,0|||
[-3,-5,0]
-1,0,-1,0|||
[-2,-5,0]
-1,0,-1,0|||
[-1,-5,0]
-1,0,-1,0|||
[0,-5,0]
0,0,-1,0|||
[3,-7,0]
-1,0,0,0|||
[4,-7,0]
-1,0,-1,0|||
[5,-7,0]
-1,0,-1,0|||
[6,-7,0]
0,0,-1,0|||
[5,-5,0]
-1,-1,0,0|e91f19,,,,||
[6,-5,0]
-1,-1,-1,0|e91f19,,,,||
[7,-5,0]
-1,-1,-1,0|e91f19,,,,||
[8,-5,0]
0,-1,-1,0|e91f19,,,,||
[5,-4,0]
-1,0,0,-1|e91f19,,,,||
[6,-4,0]
-1,0,-1,-1|e91f19,,,,||
[7,-4,0]
-1,0,-1,-1|e91f19,,,,||
[8,-4,0]
0,0,-1,-1|e91f19,,,,||
[4,-3,0]
-1,-1,0,0|||
[5,-3,0]
-1,-1,-1,0|||
[6,-3,0]
-1,-1,-1,0|||
[7,-3,0]
-1,-1,-1,0|||
[8,-3,0]
-1,-1,-1,0|||
[9,-3,0]
0,-1,-1,0|||
[4,-2,0]
-1,0,0,-1|||
[5,-2,0]
-1,0,-1,-1|||
[6,-2,0]
-1,0,-1,-1|||
[7,-2,0]
-1,0,-1,-1|||
[8,-2,0]
-1,0,-1,-1|||
[9,-2,0]
0,0,-1,-1|||
